51
73
13
73
03
4
68
90
04
56
14
10
66
59
23
14
19
21
1
0
04
87
19
1
26
80
36
58
1
82
68
28
75
94
97
79
97
92
16
05
3
87
55
91
50
33
83
62
91
18
92
18
24
79
32
39
17
87
63
16
04
79
78
06
26
53
57
76
63
544
54
82
03
67
91
16
16
05
01
78
98
15
33
76
13
02
34
08
24
19
96
12
16
55
80
21
6
53
87
22
08
63
78
86
07
01
83
20
50
15
62
16
03
86
91
81
79
92
01
75
31
99
24
53
20
02
69
63
50
88
65
10
38
61
79
92
65
544
92
72
5
17
31
01
54
78
53
88
98
93
70
38
35
91
29
19
27
52
4
8
30
95
77
97
05
3
52
87
53
23
31
89
09
08
86
08
13
00
19
03
81
3
78
39
87
76
10
73
39
26
5
98
37
16
91
29
70
15
53
08
17
12
07
96
98
99
17
51
72
91
91
71
4
6
32
91
69
93
60
85
20
4
28
80
75
52
24
20
91
76
32
8
14
83
88
78
59
50
82
28
28
61
85
8
15
30
35
29
92
90
1
34
65
28
55
68
22
27
53
75
34
92
57
84
01
93
90
35
7
67
83
22
89
81
93
08
04
66
28
87
30
31
97
15
87
16
21
56
61
34
88
73
54
78
4
99
4
35
72
06

