17
39
79
39
69
0
24
56
60
12
70
76
22
15
89
70
75
87
7
6
60
43
75
7
82
46
92
14
7
48
24
84
31
50
53
35
53
58
72
61
9
43
11
57
16
99
49
28
57
74
58
74
80
35
98
95
73
43
29
72
60
35
34
62
82
19
13
32
29
100
10
48
69
23
57
72
72
61
67
34
54
71
99
32
79
68
90
64
80
75
52
78
72
11
46
87
2
19
43
88
64
29
34
42
63
67
49
86
16
71
28
72
69
42
57
47
35
58
67
31
97
55
80
19
86
68
25
29
16
44
21
76
94
27
35
58
21
100
58
38
1
73
97
67
10
34
19
44
54
59
36
94
91
57
85
75
83
18
0
4
96
51
33
53
61
9
18
43
19
89
97
45
65
64
42
64
79
66
75
69
47
9
34
95
43
32
76
39
95
82
1
54
93
72
57
85
36
71
19
64
73
78
63
52
54
55
73
17
38
57
57
37
0
2
98
57
25
59
26
41
86
0
84
46
31
18
80
86
57
32
98
4
70
49
44
34
15
16
48
84
84
27
41
4
71
96
91
85
58
56
7
90
21
84
11
24
88
83
19
31
90
58
13
40
67
59
56
91
3
23
49
88
45
47
59
64
60
22
84
43
96
97
53
71
43
72
87
12
27
90
44
39
10
34
0
55
0
91
38
62
